Prime Left:

mm:
[[-9.24824421e-02  9.91772718e-01 -8.85091767e-02  1.00578024e+02]
 [ 6.90864471e-01 -9.87224701e-05 -7.22984283e-01 -3.13530394e+02]
 [-7.17044825e-01 -1.28011198e-01 -6.85171404e-01  9.23157663e+02]]

m:
[[-9.24824956e-02  9.91772715e-01 -8.85091536e-02  1.00578078e-01]
 [ 6.90864174e-01 -9.87213295e-05 -7.22984567e-01 -3.13530392e-01]
 [-7.17045104e-01 -1.28011220e-01 -6.85171107e-01  9.23158009e-01]]

Prime Right:

mm:
[[-9.99434243e-01 -2.28085580e-02  2.47176902e-02  9.46711518e+01]
 [-3.35779189e-02  6.34524282e-01 -7.72173205e-01 -3.45044788e+02]
 [ 1.92818265e-03 -7.72566311e-01 -6.34931159e-01  1.08225226e+03]]

m:
[[-0.99943424 -0.02280881  0.02471757  0.09467148]
 [-0.03357799  0.63452571 -0.77217203 -0.34504568]
 [ 0.0019284  -0.77256513 -0.6349326   1.08225069]]